-2.1347079277
-2.58483338356
-2.69935655594
-2.52419161797
-2.75495958328
-2.78413891792
-4.00794553757
-2.92334079742
-3.04395723343
-2.83303117752
-2.44251489639
-2.7663769722
-3.01908683777
-2.51098489761
-3.04828715324
-2.73708367348
-2.48894953728
-2.7024974823
-3.14811706543
-2.01510477066
-2.49863052368
-2.50937128067
-4.20473766327
-2.51800298691
-3.05391144753
-2.55429267883
-2.77618503571
-2.87207603455
-2.67740702629
-2.23792028427
-2.73038291931
-2.44958806038
-2.68640303612
-2.63870191574
-2.2743730545
-2.36412334442
-3.1990249157
-2.72662377357
-1.90269827843
-2.85450387001
-3.19801592827
-3.04288244247
-2.83614873886
-3.35878586769
-2.51836371422
-2.45849871635
-2.55136489868
-2.03053617477
-3.481112957
-2.75936722755
-2.68773412704
-2.77933740616
-2.38535881042
-2.59116458893
-1.68773090839
-2.29284095764
-2.75026273727
-2.22121763229
-2.25577354431
-3.82116031647
-3.24136185646
-2.93564653397
-2.41426825523
-2.56727600098
-3.38648295403
-2.35973477364
-2.5572052002
-2.45227527618
-2.60989809036
-2.09837722778
-2.31865954399
-2.3685529232
-2.76697492599
-2.79499769211
-2.44357466698
-2.55270385742
-2.9086894989
-2.45595216751
-2.71957015991
-2.89357352257
-2.82768654823
-2.79268097878
-2.85856699944
-2.61813902855
-2.68075156212
-2.32476496696
-2.46269488335
-2.74241375923
-2.38631033897
-3.06086349487
-3.02662920952
-3.29216861725
-2.03334069252
-3.02927947044
-2.75798821449
-2.59720182419
-2.81206440926
-2.84789419174
-2.13245368004
-2.67609715462
-3.614828825
-2.15848779678
-3.31044054031
-2.5739877224
-2.96114087105
-2.54644155502
-2.95006561279
-2.6818420887
-2.97522711754
-2.64235544205
-2.32107424736
-2.37555956841
-2.88740611076
-2.13907361031
-2.28114700317
-2.76474761963
-2.89770293236
-3.43401861191
-2.69674301147
-2.67085027695
-2.42685675621
-3.06639242172
-2.19211196899
-2.57087683678
-3.10161232948
-3.0232167244
-3.00715470314
-2.29209637642
-3.0773730278
-2.4546957016
-2.74022984505
-2.91332149506
-3.41991233826
-2.90188407898
-2.46603012085
-2.93576693535
-2.79179692268
-3.07508134842
-2.43414258957
-2.5177628994
-2.50467729568
-2.96366238594
-2.5216023922
-3.12652683258
-2.72640657425
-3.58543586731
-2.94471311569
-2.45013141632
-2.08766722679
-2.44284915924
-2.31965756416
-2.97032094002
-2.63853645325
-1.83601713181
-2.74949550629
-3.20744657516
-2.44535160065
-3.09091186523
-2.2350590229
-2.52332854271
-1.77177906036
-3.56832742691
-3.84381484985
-2.69241309166
-2.24748134613
-2.07442164421
-2.38201880455
-2.2791261673
-2.62582468987
-2.51301860809
-3.080722332
-3.54830908775
-2.07941222191
-2.7997341156
-2.58339238167
-2.72589874268
-3.10549402237
-2.71312260628
-2.95382761955
-2.64060807228
-2.11444497108
-2.50969624519
-2.68148589134
-2.84701752663
-2.7837498188
-3.68648934364
-3.40458893776
-2.60962152481
-2.61847639084
-2.90509557724
-3.14668083191
-2.78571915627
-2.4647090435
-2.64020323753
-4.27888345718
-2.75449848175
-2.60081791878
-2.9816198349
-2.66072535515
-2.85221028328
-2.5403470993
-2.3691804409
-2.48975133896
-1.98111581802
-2.66115641594
-2.42476630211
-3.10067510605
-2.73102760315
-3.27696752548
-2.87502503395
-2.42407894135
-2.76402306557
-2.40563058853
-3.13076472282
-3.3736243248
-2.7688627243
-3.2652118206
-3.10091114044
-2.15380978584
-3.19849085808
-2.4977889061
-2.0714609623
-3.12914848328
-2.46424245834
-2.15467071533
-2.91823840141
-1.91581213474
-2.948741436
-2.63602685928
-2.10471463203
-2.41603803635
-2.59136772156
-3.27422189713
-2.55009651184
-2.57686638832
-2.54556298256
-3.26444339752
-3.22552061081
-3.32064509392
-2.52444052696
-2.95346570015
-2.83085799217
-2.56825351715
-2.82129597664
-2.20126247406
-3.66774702072
-2.71284413338
-3.24225759506
-2.47027635574
-2.64024615288
-3.09027028084
-2.76799249649
-2.51939129829
-2.5481979847
-2.77709197998
-2.46294260025
-2.93677520752
-2.55046749115
-2.62635183334
-2.98014163971
-3.34029102325
-2.7835547924
-2.64820885658
-2.89080262184
-3.27970147133
-3.53308343887
-2.91221666336
-2.43374347687
-2.39156270027
-3.84437775612
-2.95177650452
-2.8382935524
-3.15392994881
-2.27271032333
-2.56214380264
-2.46922492981
-2.5315823555
-2.35058736801
-2.76036500931
-3.2848136425
-3.64574170113
-2.67411494255
-2.79849553108
-2.21298861504
-2.38487482071
-2.6648671627
-2.31638503075
-2.41714310646
-2.84987354279
-2.77449297905
-3.32431054115
-2.03808617592
-2.97282314301
-2.3983399868
-2.60096311569
-2.69549322128
-3.23088479042
-2.96655583382
-2.02419662476
-2.61468696594
-3.79528355598
-2.51118755341
-2.84192013741
-2.56163406372
-2.8247358799
-2.96124219894
-3.10072875023
-2.30387759209
-2.72210001945
-2.30273556709
-2.87669801712
-3.59254097939
-3.01750850677
-2.59915471077
-2.74239635468
-2.97494268417
-2.22684454918
-2.3431251049
-2.73606657982
-3.30770277977
-3.88221979141
-2.61578845978
-2.59034323692
-2.11189413071
-3.41314482689
-2.3635840416
-2.56540226936
-2.41834259033
-2.96317839622
-2.76929521561
-2.81501960754
-2.53695583344
-2.19475674629
-2.95613431931
-2.5559027195
-2.86144709587
-2.65235972404
-2.35889554024
-3.26997232437
-2.97827124596
-2.80757212639
-2.63431143761
-2.04070878029
-2.42503333092
-2.07195448875
-2.7023267746
-2.82557892799
-3.20529031754
-2.67486286163
-3.24875259399
-2.45283603668
-2.9539642334
-2.85112857819
-2.13515424728
-2.51058554649
-2.28187966347
-2.52235221863
-3.43360280991
-2.48987817764
-2.93945479393
-2.87882804871
-2.45394945145
-3.31991219521
-2.66709065437
-2.95619869232
-2.62534093857
-2.37602615356
-2.34417128563
-2.94261312485
-2.54504299164
-3.87496376038
-2.5432267189
-3.21327066422
-5.37576675415
-3.27583265305
-2.06298160553
-2.97195768356
-2.60933065414
-1.90498006344
-2.7546544075
-2.99511837959
-2.64618301392
-5.07082557678
-3.36825919151
-3.33596968651
-2.85452198982
-2.80171203613
-2.25057125092
-2.66792011261
-2.27846550941
-2.51964211464
-2.4293012619
-3.06846785545
-2.44117951393
-2.89911794662
-2.33509540558
-2.62808823586
-2.95970249176
-2.4464738369
-2.79612541199
-1.90848636627
-2.34167122841
-2.2880961895
-2.72753572464
-2.96471977234
-3.19783949852
-2.25655865669
-2.64395952225
-3.07459187508
-2.8781979084
-2.16817164421
-2.45876717567
-3.5795609951
-3.80719685555
-2.58156204224
-2.49937915802
-3.26266145706
-3.46638274193
-2.965726614
-2.76757836342
-2.95075654984
-3.50503826141
-2.44787573814
-2.10619664192
-2.92270278931
-3.33180737495
-3.13057136536
-2.71156096458
-2.38333272934
-3.15600299835
-3.37073230743
-2.69176721573
-2.58188199997
-3.6219060421
-2.65043854713
-3.5527613163
-2.19202899933
-2.46906709671
-2.72210001945
-2.76299190521
-2.95585250854
-2.65519523621
-2.48261976242
-3.68005442619
-2.29384660721
-2.42331290245
-3.29905653
-2.20805597305
-2.79910063744
-2.76352310181
-2.48446011543
-2.5859079361
-2.09862327576
-2.2579638958
-2.98725485802
-2.67914676666
-3.07612299919
-2.3306889534
-2.96190142632
-2.91893601418
-2.4988296032
-2.38648176193
-3.38314771652
-2.32815599442
-2.59263205528
-2.15264678001
-3.23016762733
-3.32091903687
-2.49230241776
-2.63330698013
-2.75682330132
-2.93769192696
-2.36783719063
-2.46187901497
-3.08316230774
-3.3169195652
-3.04239916801
-2.49298238754
-2.72647452354
-2.39568662643
-2.42594671249
-3.17211675644
-2.89341688156
-2.38780665398
-2.48877072334
-2.80119681358
-2.84909701347
-2.51417303085
-3.15385603905
-2.45380210876
-2.45670413971
-3.19189548492
-2.86071133614
-3.56530737877
-2.64232778549
-2.84079170227
-2.89866328239
-2.52490878105
-2.84253239632
-3.46413040161
-2.23942017555
-2.83064293861
-2.45537638664
-3.17516136169
-3.58293890953
-2.92098712921
-2.69234824181
-2.86565375328
-2.77464604378
-2.96706438065
-2.73576998711
-4.48943567276
-3.31037139893
-2.55298948288
-2.51572370529
-3.17487120628
-2.54577040672
-2.90517139435
-3.00794744492
-2.78315186501
-2.77050161362
-2.22924137115
-3.16940021515
-3.24897575378
-2.58491778374
-2.45006203651
-2.54559016228
-4.2937541008
-3.12800812721
-2.67921733856
-3.98439049721
-2.94814825058
-3.32317018509
-2.31360030174
-2.69428396225
-3.92009830475
-2.56451511383
-2.67442846298
-2.67803001404
-2.43206000328
-2.8868997097
-2.8724861145
-3.04649662971
-2.88226675987
-3.40189385414
-2.37887191772
-2.71534872055
-2.74359798431
-2.39218616486
-2.69095230103
-2.76542973518
-3.59818434715
-2.55483627319
-3.32387328148
-2.55366754532
-2.54148364067
-2.69702553749
-1.93909311295
-2.72796154022
-3.00274395943
-3.13148593903
-3.3137652874
-2.25917315483
-4.0012793541
-3.16005897522
-2.80731201172
-2.70535850525
-1.65244746208
-3.3983399868
-2.59606027603
-3.67981553078
-2.29306101799
-3.15894293785
-2.88340091705
-2.8350713253
-3.29176259041
-3.51075983047
-2.52489614487
-2.90436220169
-2.73730945587
-3.14005231857
-2.33635807037
-3.88621759415
-2.07890224457
-3.18785810471
-2.77853012085
-3.33731031418
-2.85465168953
-2.27660918236
-2.81633687019
-2.7267870903
-2.50255465508
-2.86822414398
-2.98022937775
-2.92969441414
-2.81289196014
-2.44907283783
-2.63951897621
-2.80552816391
-2.62450432777
-2.37800765038
-2.58541202545
-2.45417737961
-2.36553120613
-2.84661364555
-2.5702123642
-2.55286979675
-2.75261902809
-3.3876516819
-3.7475643158
-2.17189240456
-2.96731281281
-2.9562125206
-2.4853284359
-2.27188897133
-2.45670795441
-2.81494188309
-2.95063281059
-2.78251338005
-2.86853647232
-2.66961741447
-3.06417250633
-2.61443400383
-2.49099421501
-3.01158428192
-2.91615152359
-3.37099480629
-2.6171605587
-2.54806065559
-2.53997159004
-2.25187921524
-2.95220780373
-3.11289572716
-3.53204393387
-2.85165405273
-2.97491884232
-2.23880457878
-2.18189144135
-3.45444631577
-2.26407027245
-2.93472909927
-2.6856918335
-2.62567687035
-3.00431251526
-2.70734286308
-4.11550807953
-2.52671408653
-2.76595783234
-2.72021985054
-2.97717809677
-3.1656434536
-3.0060942173
-3.02084970474
-3.37668347359
-2.23323750496
-3.02539896965
-2.03084015846
-3.59332299232
-2.76107192039
-3.0281059742
-2.98817038536
-2.42695403099
-2.06512355804
-2.44039440155
-2.7006790638
-2.48115968704
-3.0237326622
-3.28133821487
-3.21890234947
-2.7779211998
-1.95754206181
-3.54737997055
-3.05269956589
-3.22715306282
-2.23146247864
-2.96042442322
-2.63837504387
-2.86146783829
-2.69435191154
-3.16067552567
-2.88160014153
-2.2650449276
-3.53259634972
-2.37248682976
-2.55530738831
-2.97495102882
-3.55040836334
-2.95340323448
-2.37429666519
-2.91685295105
-2.56838726997
-2.75610232353
-2.63566875458
-2.95384168625
-2.38675928116
-2.97383236885
-3.22266888618
-3.2652630806
-2.54082775116
-3.20682525635
-2.29217767715
-2.25985240936
-2.64439320564
-2.37579441071
-2.56649541855
-2.29219388962
-3.39976620674
-2.49147462845
-2.57099342346
-3.62650990486
-2.50367832184
-3.00818943977
-2.46397662163
-2.85665559769
-2.73743772507
-2.78402876854
-2.62773370743
-2.73250079155
-3.00165247917
-3.67613554001
-2.67135906219
-3.22974777222
-2.58855628967
-1.9703155756
-2.88182806969
-2.61858797073
-2.77614068985
-3.27409100533
-3.35270571709
-3.07745742798
-2.41189932823
-2.49668884277
-2.6403696537
-2.50393986702
-3.06916284561
-3.26822257042
-2.66657018661
-2.66986346245
-2.93985724449
-2.57658576965
-3.79259538651
-2.59339189529
-2.80128502846
-2.57015872002
-2.73775887489
-3.04294919968
-2.72908353806
-2.8280081749
-2.5587515831
-3.95755386353
-3.07666349411
-2.76974534988
-2.81398129463
-2.74633312225
-2.63803005219
-2.87650704384
-2.57686710358
-2.94001841545
-2.54402041435
-3.24574041367
-3.09433484077
-2.80583190918
-2.64982104301
-2.39096975327
-2.7557990551
-2.39256048203
-2.5965423584
-2.43429636955
-2.66144323349
-3.56562519073
-2.75704407692
-2.4693312645
-2.64109349251
-2.16959261894
-2.4999370575
-2.56620240211
-2.32700204849
-2.67507314682
-3.60037350655
-2.67342281342
-3.20419049263
-2.7801194191
-2.85446977615
-2.99807929993
-2.77066087723
-2.456813097
-2.42917561531
-2.4003341198
-3.59083008766
-2.31616210938
-2.0044169426
-2.83833050728
-2.36382722855
-3.86690092087
-2.37681937218
-2.35218453407
-2.81836175919
-2.10086250305
-2.43834614754
-2.85612511635
-2.53327083588
-2.36964464188
-2.24633622169
-2.64684700966
-2.42396593094
-2.83413600922
-2.91737365723
-3.70695447922
-2.43979930878
-2.33193540573
-2.30402326584
-2.68815207481
-2.45411682129
-2.59668159485
-2.21958398819
-2.27509331703
-2.25139904022
-3.49237847328
-3.25553441048
-2.26133608818
-2.59473514557
-2.75766348839
-2.34629607201
-2.54227399826
-2.71930551529
-2.71171855927
-2.60766839981
-2.92012572289
-2.23986387253
-2.54871106148
-2.49105668068
-3.28779315948
-2.51553463936
-2.43021440506
-2.961186409
-2.75125145912
-2.63227343559
-2.45119547844
-3.32642412186
-2.61992621422
-2.87274861336
-2.71798563004
-2.36300444603
-2.29313921928
-2.64839148521
-3.23836779594
-3.84052371979
-2.46398425102
-3.77292728424
-2.12690806389
-2.29730343819
-2.89564490318
-3.08525896072
-2.94900751114
-2.70282268524
-2.78068876266
-2.87035226822
-2.68834137917
-2.32318425179
-2.37971830368
-3.20165538788
-2.61221456528
-2.54142022133
-2.22942137718
-3.01659917831
-4.79848957062
-2.72819232941
-3.037992239
-3.30259728432
-2.98587846756
-3.08904743195
-2.5268099308
-2.47018551826
-3.3543202877
-2.39901947975
-3.92842149734
-4.25021123886
-2.65181112289
-2.6806845665
-3.4085226059
-3.17964243889
-2.69989013672
-2.6402926445
-2.74969744682
-3.34479880333
-2.9449930191
-2.25144886971
-2.74281954765
-2.78450322151
-3.00183796883
-2.74295473099
-2.54449033737
-2.39707875252
-2.7135207653
-2.68766188622
-2.88301181793
-2.98684954643
-2.82258248329
-2.70688843727
-2.9213924408
-3.23708319664
-1.88131761551
-2.96754813194
-2.0886182785
-2.2083466053
-2.46679615974
-2.18008589745
-2.14404702187
-2.94955611229
-5.9841594696
-3.10509610176
-2.9538064003
-2.89882469177
-2.77961683273
-2.94464612007
-2.62438440323
-2.61566019058
-2.43016052246
-2.99689245224
-2.96248197556
-3.48290419579
-2.7396440506
-2.5288772583
-3.05657076836
-2.49679279327
-2.88887548447
-2.84406733513
-2.87287020683
-2.31172704697
-2.899964571
-2.75038433075
-3.04486036301
-2.84697723389
-1.98890316486
-2.73752093315
-2.70384597778
-2.38924980164
-2.85329031944
-4.04213190079
-2.70827746391
-2.86483073235
-2.96071982384
-3.21642112732
-2.58859205246
-2.67817831039
-2.58152770996
-2.32728147507
-2.5334148407
-2.30638551712
-2.2298707962
-2.67950320244
-3.14335107803
-2.60340952873
-2.52820205688
-3.10947084427
-2.13013768196
-2.71722817421
-2.06907439232
-2.73604440689
-3.08420085907
-2.90165281296
-2.58451318741
-3.05061674118
-2.17868947983
-2.70587325096
-2.43173789978
-2.39048528671
-3.46066594124
-3.34336900711
-4.14271593094
-2.16911673546
-2.91356086731
-3.19778990746
-3.06237149239
-3.74362301826
-2.14548373222
-2.50939059258
-2.9713845253
-3.14537596703
-2.58710646629
-3.04558157921
-3.33631014824
-3.07614660263
-2.0546066761
-3.65535759926
-3.09535241127
-3.08151841164
-4.49867630005
-2.44604635239
-3.46081519127
-3.25014638901
-4.19501781464
-2.40222239494
-2.4226770401
-3.05548381805
-3.31165361404
-2.51570510864
-2.23368048668
-2.68113136292
-1.90746581554
-2.63156056404
-3.15716171265
-2.71417999268
-3.06640458107
-3.12024497986
-3.05551338196
-2.67046499252
-2.61232042313
-2.48219323158
-3.32482624054
-2.88246059418
-4.11334228516
-3.62775564194
-2.52356815338
-3.01234459877
-3.46654319763
-2.91638326645
-2.17633628845
-2.24676728249
-2.75194811821
-2.73253512383
-2.71164083481
-2.41676259041
-2.69683337212